1000 9891
46 779
489 686
753 457
310 908
427 224
621 722
470 70
437 263
897 569
229 933
88 519
985 319
802 351
574 811
450 805
750 232
878 413
700 901
367 664
151 991
687 761
728 454
263 941
74 728
381 972
221 535
131 275
668 218
861 551
493 675
316 252
445 448
625 172
917 870
717 660
580 992
173 438
155 215
448 91
895 809
679 728
442 553
60 104
600 77
460 83
268 93
567 539
231 79
203 889
583 269
951 361
934 633
29 226
429 127
343 729
127 870
617 552
482 651
102 160
528 23
267 509
718 302
422 859
519 715
400 553
633 455
724 188
125 99
418 69
862 920
721 804
615 320
504 87
466 953
840 118
197 551
133 68
93 630
340 709
774 185
415 933
51 842
91 93
778 7
835 74
798 66
584 458
533 287
864 586
5 150
613 65
229 751
162 572
237 173
458 554
891 208
369 206
497 401
316 563
463 663
318 129
912 842
584 567
976 758
470 332
661 669
391 44
464 629
200 911
644 317
868 454
268 652
109 806
292 282
331 372
403 611
558 533
874 662
691 500
51 85
79 867
800 332
359 435
566 935
799 979
349 249
611 794
478 263
944 903
984 392
692 633
795 926
325 112
932 168
326 203
420 388
560 759
653 114
982 774
36 116
279 432
218 424
169 804
23 604
409 975
837 503
31 64
344 692
128 865
537 459
276 281
810 945
423 337
547 190
659 856
123 347
453 399
426 541
723 353
998 229
15 988
698 222
937 824
148 49
295 130
859 823
822 177
976 225
656 915
750 471
329 921
939 4
461 504
13 687
363 694
470 398
40 723
811 78
360 868
490 831
217 925
398 74
864 692
588 11
19 256
976 634
112 38
623 642
490 977
36 581
867 85
812 850
984 824
653 722
710 397
292 318
596 492
571 894
946 303
685 965
330 88
724 392
191 885
13 85
145 357
19 700
719 407
387 288
904 662
856 175
78 200
434 893
552 168
805 858
862 389
652 469
989 30
25 473
463 363
893 738
485 202
515 218
281 240
342 333
84 739
942 300
182 176
538 904
667 548
63 919
945 954
694 287
440 574
148 247
78 112
758 662
755 228
447 389
674 331
432 162
129 198
507 671
522 279
941 351
745 102
379 416
489 288
169 674
467 965
817 418
570 234
129 992
646 79
522 73
372 666
377 816
703 27
793 743
367 534
406 898
942 816
155 654
877 933
125 704
274 16
8 444
709 892
262 824
623 438
277 768
518 710
230 800
708 720
198 258
200 967
38 475
166 236
100 608
640 975
92 944
420 879
739 395
795 109
634 191
389 660
504 984
835 892
417 999
839 156
587 207
71 310
442 530
11 523
304 543
919 894
496 731
459 545
654 450
344 991
59 372
512 253
31 250
453 148
680 232
628 294
352 105
541 965
410 377
249 727
590 670
202 743
591 67
496 776
561 436
524 56
141 584
825 527
474 679
1 221
940 968
672 890
289 858
88 533
862 957
102 886
621 798
967 873
57 343
516 849
519 21
473 477
970 805
13 517
181 254
850 767
851 554
800 552
985 540
159 555
53 52
385 634
445 938
199 222
29 43
108 548
949 106
988 512
941 228
815 593
392 153
414 283
618 517
248 69
670 328
372 924
319 695
251 197
514 943
270 73
644 318
347 598
352 892
545 151
658 398
1 945
972 242
193 253
913 228
307 117
695 990
368 69
354 40
504 901
31 666
344 238
382 618
309 524
377 917
404 818
514 51
244 591
727 521
409 438
452 636
914 345
274 568
187 761
730 133
136 681
304 571
122 286
748 446
701 607
766 686
127 912
199 519
628 651
552 15
456 420
576 405
278 877
486 192
34 449
590 762
760 225
30 927
949 581
537 415
538 960
742 96
430 634
767 951
239 238
867 917
777 537
832 604
409 701
822 59
556 115
210 435
929 295
358 635
363 943
695 344
916 27
475 829
424 825
663 830
479 989
542 53
800 564
428 397
216 699
513 977
472 1
169 523
371 621
986 82
20 310
650 173
635 889
852 775
12 946
17 728
390 66
863 871
873 414
242 341
830 82
706 196
502 931
692 407
751 692
368 829
458 269
264 222
618 795
947 835
805 353
17 80
138 68
102 797
302 485
86 396
329 393
130 682
939 628
729 168
491 109
593 792
767 517
946 155
197 275
364 260
37 186
365 733
244 978
468 282
179 937
936 44
663 75
150 122
663 974
616 820
728 910
785 313
796 607
124 926
984 679
70 348
331 490
679 946
732 374
650 600
46 277
897 929
71 834
572 869
923 238
121 581
858 662
508 259
642 151
777 676
46 759
772 873
534 280
771 694
3 704
101 237
379 391
90 862
538 710
8 581
870 307
641 247
648 693
646 96
370 81
980 966
985 596
918 295
308 175
904 494
6 338
209 358
891 270
748 653
674 232
843 489
885 806
669 35
804 798
424 994
404 756
314 442
781 570
341 3
514 919
509 599
860 801
511 855
646 428
830 217
555 715
463 528
838 580
913 275
53 544
957 202
728 986
672 70
411 234
654 90
537 840
221 719
166 336
351 860
339 892
268 256
198 193
292 398
866 119
4 282
758 9
596 348
10 859
709 731
268 407
645 543
979 317
391 475
50 219
325 83
733 374
644 729
443 8
512 855
527 652
343 531
861 210
682 842
500 126
103 179
822 679
879 562
770 2
421 930
116 14
949 544
306 610
698 864
348 169
546 428
181 455
608 93
400 626
659 179
811 592
719 891
988 267
653 209
784 392
272 700
916 253
241 565
707 784
708 127
836 436
195 68
214 480
593 169
284 662
698 420
557 415
11 455
581 812
205 714
384 723
753 496
637 556
82 976
480 55
507 37
797 242
708 563
655 212
787 68
617 416
147 997
991 172
180 197
668 321
890 465
504 652
817 877
87 519
303 311
222 506
591 919
207 578
670 514
303 95
863 119
577 138
27 105
283 3
347 380
801 578
910 220
142 330
809 975
402 399
282 841
265 925
766 977
527 861
587 206
854 791
188 115
139 593
162 914
624 73
970 45
643 193
917 546
617 241
211 67
523 660
623 986
438 894
918 436
245 352
905 815
50 846
876 326
624 311
992 203
41 529
125 379
941 15
552 282
699 37
42 992
404 143
279 729
393 666
806 998
174 654
521 662
977 340
103 522
327 918
439 516
794 565
688 16
779 171
712 150
312 260
169 669
258 886
336 122
669 344
708 226
752 818
77 909
575 146
228 15
817 606
506 681
752 641
254 767
707 366
276 901
170 128
333 756
191 234
602 143
753 297
223 133
460 249
338 945
430 680
52 19
513 519
271 307
934 465
592 248
459 51
583 826
507 815
74 710
327 248
274 388
776 94
800 68
152 839
600 693
605 544
735 941
972 465
313 820
464 824
723 922
80 872
763 429
819 495
213 580
233 507
451 588
558 187
652 132
487 267
14 937
736 381
974 811
22 500
136 791
874 135
158 724
789 350
737 133
496 821
941 115
47 385
158 871
548 171
881 882
664 1000
759 881
44 122
63 942
808 791
822 393
219 228
867 996
651 51
764 920
859 948
589 355
845 249
355 629
745 61
306 927
519 761
113 699
46 805
964 360
241 223
424 969
79 473
635 907
583 619
857 294
858 9
753 213
294 13
83 810
890 422
817 804
748 584
530 279
288 86
713 923
19 230
629 434
482 404
49 863
926 234
680 583
130 568
862 226
865 590
403 613
685 400
913 80
914 299
959 713
472 303
553 10
165 884
10 823
373 241
912 167
179 936
808 88
650 222
165 709
353 109
233 639
709 280
582 30
692 746
680 18
864 351
221 174
866 602
801 12
902 852
594 859
942 225
871 133
283 932
111 378
821 65
16 793
172 404
449 825
178 338
470 593
163 171
83 841
940 913
558 288
409 94
540 634
441 190
704 739
343 144
328 727
265 202
471 716
536 75
646 240
996 125
816 715
891 257
748 654
930 351
82 834
80 214
137 145
122 945
674 856
551 41
623 303
557 765
260 105
711 312
255 716
215 610
995 29
298 311
118 348
601 182
599 391
892 371
271 408
22 534
204 909
815 223
273 12
554 151
352 515
306 76
369 564
852 199
438 66
162 911
993 383
866 999
351 637
279 240
496 863
28 560
513 864
213 13
810 750
278 968
762 603
214 970
268 246
343 530
179 565
733 486
145 645
845 748
556 528
460 445
275 931
793 930
409 803
219 782
112 734
956 425
903 242
851 325
590 930
862 967
367 495
975 748
506 833
488 844
296 316
438 334
659 596
461 948
589 299
957 815
937 143
128 395
739 531
77 1000
663 865
741 65
212 368
963 987
176 391
858 175
401 486
699 565
455 337
371 548
670 214
913 848
355 870
540 742
668 467
764 388
160 250
330 678
312 933
370 806
807 603
458 322
544 463
636 829
963 535
75 215
536 611
611 489
655 282
658 74
622 747
970 328
438 674
455 256
940 219
279 54
891 710
911 573
990 30
966 39
438 972
653 844
637 972
79 562
13 456
72 924
454 346
75 531
785 256
275 846
637 558
339 343
858 813
394 180
917 372
780 140
893 885
586 847
471 195
576 871
387 986
120 213
764 518
600 607
908 296
864 212
517 610
638 814
650 371
727 355
435 433
730 692
54 378
983 87
313 44
12 701
484 3
52 335
808 997
638 686
789 878
612 263
685 717
869 432
421 873
916 359
648 989
170 129
405 742
561 592
213 301
930 391
129 748
892 213
610 514
900 194
260 33
833 225
27 342
320 476
853 238
229 644
752 511
34 795
554 77
863 453
389 980
467 396
748 779
301 729
57 604
351 774
624 904
17 62
455 740
627 815
574 362
456 633
739 310
353 215
46 178
412 936
456 712
93 237
206 436
690 65
323 632
822 578
823 319
46 396
413 663
821 104
913 695
642 111
607 533
386 337
353 802
552 73
444 607
11 868
768 569
841 981
628 427
573 502
560 955
634 516
219 886
241 801
549 382
577 876
48 126
141 763
309 361
719 818
10 182
543 480
546 324
964 75
293 805
568 910
9 502
390 181
569 270
356 106
747 875
397 673
172 729
354 535
225 901
299 506
87 379
75 339
206 607
592 213
398 109
241 56
481 521
407 481
503 152
655 15
753 165
494 581
223 9
660 614
605 18
425 83
613 514
377 298
605 658
352 632
387 43
170 697
193 328
178 156
867 280
154 341
32 953
469 604
936 415
899 944
443 881
528 313
909 116
676 321
223 990
348 818
650 868
47 811
473 159
664 696
629 80
277 363
173 202
893 731
791 342
391 36
205 330
760 255
245 633
138 261
799 72
759 852
797 567
135 432
323 912
751 304
203 710
748 798
901 521
828 575
924 702
615 353
671 147
877 634
822 5
976 546
241 408
607 973
349 973
355 656
329 504
760 121
608 256
167 65
629 694
831 174
483 308
929 178
859 177
425 499
78 471
209 356
583 590
140 491
330 560
647 729
228 343
368 119
749 243
143 398
743 687
262 20
356 499
244 46
179 346
142 82
125 682
329 585
863 396
412 300
929 766
234 333
881 229
558 709
670 695
338 555
100 734
728 223
796 254
729 138
967 384
202 10
313 883
153 966
779 918
726 745
729 315
930 573
822 1000
913 972
472 268
628 559
498 841
634 120
121 43
707 774
107 8
515 33
473 742
202 492
130 65
791 148
170 846
28 672
378 557
514 251
935 873
607 476
535 147
645 831
831 808
44 398
679 531
943 958
822 331
59 75
903 348
763 803
168 577
278 666
923 723
393 636
233 125
840 211
112 814
243 52
336 370
233 14
552 630
972 551
488 220
570 6
254 999
437 13
578 541
873 163
946 985
236 290
327 722
845 17
663 864
704 895
800 638
998 625
11 505
664 413
207 953
940 442
924 983
103 932
240 474
593 474
702 196
228 331
86 121
740 494
435 32
381 804
960 67
632 862
320 352
302 432
878 743
98 173
219 753
759 160
338 544
299 910
196 866
982 641
92 947
143 561
607 124
772 199
480 856
518 999
425 820
597 54
205 893
701 88
204 656
399 984
709 701
692 909
362 296
749 684
805 234
588 635
663 28
779 515
891 551
880 820
329 50
758 821
11 746
966 454
406 495
561 344
205 628
989 144
957 626
962 796
923 526
998 70
505 563
767 783
327 882
73 279
711 485
594 179
962 655
892 961
871 861
237 641
823 926
951 197
989 434
665 484
888 219
105 23
769 70
509 877
720 500
688 18
15 727
628 591
574 717
835 227
525 867
142 889
473 422
254 765
186 517
873 965
893 410
934 324
204 97
631 266
321 155
469 3
752 609
859 391
492 164
100 801
619 723
673 351
911 973
388 42
539 434
627 667
530 211
291 605
143 740
751 627
865 544
576 957
388 285
356 745
857 900
217 357
623 693
789 365
478 156
101 975
544 202
28 347
464 661
203 319
202 66
27 917
952 229
729 371
378 643
219 653
975 242
546 814
28 633
503 793
822 579
53 986
628 662
535 106
723 396
956 268
558 40
136 793
488 600
107 766
943 743
513 362
290 810
92 249
719 908
426 549
906 875
817 188
513 350
622 872
59 849
423 464
449 637
203 682
225 698
869 241
372 575
487 862
82 628
484 32
466 727
86 852
622 266
436 899
555 191
294 289
978 194
820 366
468 540
693 37
826 390
722 567
372 844
285 298
952 80
40 650
772 347
132 186
460 287
83 812
708 629
658 350
97 728
484 212
974 69
356 431
518 653
544 8
970 318
541 469
299 982
339 869
696 290
951 570
745 903
653 908
430 511
614 675
11 596
912 153
5 556
40 484
370 855
443 993
795 372
785 101
899 306
796 602
391 150
893 730
287 65
182 313
572 363
349 264
724 820
67 747
818 273
12 344
250 703
996 596
220 601
193 981
550 322
516 879
927 966
297 919
484 279
910 847
358 312
732 493
91 415
662 448
629 915
600 647
627 110
845 155
124 460
640 157
842 863
347 215
39 181
87 954
99 662
686 676
11 394
864 618
702 350
703 995
335 385
484 939
433 943
603 183
311 906
773 241
522 947
482 340
981 511
215 698
471 556
939 877
705 884
725 377
730 161
235 517
74 653
56 400
422 195
859 675
469 172
136 766
130 822
331 135
259 418
869 907
709 934
258 36
307 479
697 851
184 530
959 751
288 560
715 379
364 363
513 893
404 690
814 381
502 505
325 80
577 751
563 812
547 403
325 481
349 443
789 434
628 718
810 895
79 22
46 453
586 198
241 895
591 107
564 864
414 440
37 671
167 544
187 487
278 667
945 958
486 286
894 107
769 200
408 504
776 912
797 538
503 950
928 855
693 601
286 1
846 121
388 561
280 90
68 985
417 71
860 301
244 217
918 565
232 194
655 898
186 767
940 292
445 898
372 742
46 867
716 259
772 765
973 172
654 530
743 970
414 279
378 470
285 874
638 552
930 353
34 682
909 968
535 846
829 621
631 289
87 403
290 627
226 885
963 648
805 854
612 844
472 173
199 74
296 379
151 807
777 460
562 586
445 70
319 637
527 184
895 978
479 89
520 426
830 843
392 881
407 14
875 430
431 132
921 990
52 719
221 720
212 21
819 103
123 690
514 523
587 195
520 136
994 195
922 868
687 36
466 360
304 531
639 319
186 759
900 150
550 292
2 198
404 598
919 113
832 25
316 426
465 544
339 123
268 5
715 756
899 509
421 609
563 776
270 859
240 238
738 318
978 497
836 983
486 216
684 675
421 835
851 242
229 266
432 100
253 148
570 342
111 810
595 792
138 474
871 860
132 764
370 291
654 812
872 673
210 312
436 650
474 453
794 560
599 807
427 867
599 916
357 281
893 183
879 132
21 722
460 22
977 132
105 449
592 989
77 795
740 173
354 480
246 690
377 577
547 519
90 422
551 119
318 238
216 368
125 736
352 880
919 608
460 331
100 802
69 701
507 800
1 949
401 115
22 621
236 96
670 637
250 2
583 964
308 678
844 304
170 707
184 443
26 258
814 475
853 447
527 946
786 264
75 979
95 412
118 983
433 18
726 534
840 705
639 211
580 23
961 903
168 365
484 980
972 594
104 589
235 311
934 717
154 819
227 859
429 395
712 761
894 193
415 200
182 205
245 611
357 889
788 677
210 403
202 918
668 947
707 975
48 112
926 367
693 608
423 99
205 390
206 993
310 997
177 685
272 647
113 559
958 559
996 358
224 614
449 749
410 797
450 350
803 734
396 792
458 885
595 601
349 792
247 301
656 940
159 523
255 870
842 907
437 501
830 372
940 492
997 237
302 813
268 837
124 143
863 756
475 735
498 852
802 380
342 173
179 852
9 944
130 620
655 9
786 168
204 789
497 357
959 903
598 77
729 844
804 964
364 979
860 968
644 173
829 375
942 590
834 303
985 169
198 334
491 464
2 509
274 374
611 35
959 613
448 13
76 191
782 934
35 639
22 875
614 721
908 840
636 581
231 355
100 350
274 536
64 76
598 521
66 662
965 794
303 743
372 818
459 76
446 25
22 181
25 343
633 938
64 507
639 68
896 686
572 3
331 695
813 359
172 369
582 933
227 998
279 395
1 383
63 745
121 472
469 926
351 181
617 664
428 41
283 854
430 555
401 947
220 395
349 553
298 589
941 485
980 637
145 611
91 414
58 205
132 692
595 798
12 526
87 74
180 728
343 60
453 684
458 774
59 749
264 723
465 214
447 66
711 753
472 662
660 81
509 645
682 521
96 598
388 892
269 401
877 666
859 179
906 508
110 123
111 294
46 477
703 994
744 209
686 788
302 841
428 764
858 121
553 909
706 181
742 735
506 351
415 891
454 919
327 415
243 692
378 149
251 129
380 491
754 280
333 923
891 977
657 889
985 20
400 494
860 940
735 192
678 96
241 826
814 416
321 797
162 795
895 799
127 225
364 213
496 293
750 165
373 33
523 994
32 967
236 287
808 168
202 411
554 948
991 665
776 454
541 187
766 667
344 968
71 623
183 849
221 30
386 245
940 556
188 841
128 809
585 811
88 461
783 818
453 187
188 520
398 17
470 662
418 821
516 558
276 331
59 77
232 519
231 843
733 133
228 75
34 617
304 3
106 499
163 840
715 791
902 301
449 907
926 423
413 784
909 683
402 170
348 459
974 435
330 867
81 192
523 41
227 466
764 963
985 922
712 126
713 395
163 934
627 77
528 917
646 945
685 853
318 262
733 585
593 62
811 131
411 529
46 864
985 692
267 597
237 223
641 448
996 28
122 609
96 848
670 356
341 178
514 964
645 42
673 433
360 337
146 83
757 619
265 679
449 130
970 484
878 741
881 135
19 400
153 646
982 647
605 728
255 451
758 510
580 906
251 441
265 897
592 291
841 482
951 637
18 699
679 562
59 429
410 49
728 44
451 711
80 440
64 436
317 990
583 295
415 433
257 819
908 954
513 951
233 428
254 506
115 912
222 596
82 187
600 260
604 340
7 220
20 645
774 538
504 779
91 312
855 440
275 561
334 76
48 85
246 209
76 515
703 614
266 103
103 518
972 581
348 431
439 512
134 54
157 207
452 413
972 724
664 221
792 18
573 915
703 836
87 227
843 257
293 608
681 446
615 710
545 479
911 184
843 734
436 88
972 954
938 230
260 270
480 812
445 790
588 737
471 614
864 642
781 749
910 499
362 959
678 485
240 343
147 773
670 467
605 794
554 72
293 420
187 929
338 719
528 931
47 149
416 849
473 864
839 981
865 753
648 28
342 578
274 674
261 34
627 413
904 885
210 548
340 103
639 333
876 113
348 698
374 322
13 408
214 916
254 308
1 624
737 846
420 110
226 461
335 93
339 22
330 320
861 229
308 795
849 677
582 65
325 440
78 520
292 823
341 831
392 945
210 104
743 86
193 862
535 118
909 896
671 919
294 170
270 245
810 967
794 448
733 483
559 576
798 769
824 771
346 459
453 405
42 960
7 2
689 111
928 801
512 672
513 153
91 437
538 892
336 316
763 657
360 434
106 346
974 491
613 361
767 656
806 736
220 629
792 110
441 896
519 133
9 324
621 543
677 797
372 99
366 578
186 692
795 718
25 754
337 832
564 385
910 685
159 667
111 370
702 307
564 304
602 111
402 15
479 15
47 843
186 201
860 858
661 679
331 12
204 790
45 626
9 768
352 908
334 780
740 311
616 381
445 397
175 100
485 924
71 215
598 8
700 645
368 102
714 326
886 248
796 144
784 680
855 695
658 145
273 181
922 810
887 710
839 867
330 177
205 771
4 434
697 815
791 141
794 147
813 725
227 920
379 993
286 623
767 18
254 419
606 916
535 136
701 864
491 355
561 277
357 954
14 905
788 612
515 228
899 325
872 845
430 953
515 373
811 730
528 248
175 879
936 621
262 161
979 721
772 103
327 965
536 258
167 796
929 341
823 881
989 617
82 711
64 838
46 986
855 64
68 886
789 818
369 305
367 794
673 217
967 539
380 151
454 746
219 275
207 934
838 780
621 660
282 698
467 762
804 795
604 533
971 314
990 746
114 297
307 146
184 327
15 194
61 927
669 832
540 97
790 700
98 132
395 676
892 510
985 132
445 506
992 760
61 97
249 129
982 747
487 139
40 164
900 330
773 708
558 938
814 272
778 810
342 741
382 822
207 169
36 777
759 902
213 632
72 612
415 476
770 253
535 63
663 106
387 695
709 504
987 714
796 696
980 333
641 761
415 242
591 117
306 22
448 581
505 532
328 59
205 363
776 771
284 862
247 547
965 305
399 185
93 662
285 292
712 16
552 633
42 555
152 103
360 394
824 537
789 997
937 837
566 249
453 784
848 796
542 118
985 699
501 665
394 593
103 929
720 87
591 607
682 316
190 63
765 697
536 841
752 471
665 788
83 599
688 659
999 541
997 703
36 615
255 381
420 774
973 750
672 103
13 145
697 532
204 572
835 866
344 135
786 290
383 110
486 998
259 190
979 367
762 101
871 261
654 341
838 470
456 720
398 535
771 27
576 225
114 864
860 759
429 131
990 316
884 807
667 843
28 647
676 235
474 911
934 679
315 85
23 924
110 887
136 864
690 443
676 122
415 214
788 540
291 476
21 171
50 941
201 303
111 820
558 493
872 532
319 283
81 531
55 269
547 973
140 525
968 150
846 91
157 206
512 483
838 929
254 518
555 455
683 266
756 332
977 105
81 444
392 417
321 461
390 662
696 751
218 127
556 939
280 342
778 509
473 7
530 522
323 280
698 308
51 468
29 214
378 488
30 657
626 50
458 384
522 841
576 458
658 377
365 175
916 577
350 797
647 947
725 319
47 807
880 312
109 170
240 167
706 412
190 821
142 184
1 804
220 52
677 158
143 534
607 93
640 141
405 102
383 2
24 865
830 583
689 593
671 577
47 347
658 844
1 631
537 549
831 911
106 884
359 106
328 262
220 236
37 482
131 869
908 27
947 455
455 804
745 484
173 115
323 666
197 893
400 657
867 781
7 492
603 627
253 182
625 963
295 433
872 624
478 105
637 272
486 292
219 251
863 818
737 378
314 157
868 708
337 20
820 615
286 95
803 371
162 89
438 768
988 813
717 297
42 739
133 712
924 709
567 363
629 734
377 769
428 395
600 972
512 126
842 905
312 148
955 634
632 477
711 557
843 765
19 15
203 794
310 530
919 672
5 32
742 561
983 313
217 906
307 422
648 844
66 161
151 178
148 994
277 977
835 399
86 279
570 736
835 540
748 875
711 113
269 222
52 786
951 902
627 926
297 173
540 127
451 864
292 673
223 451
259 105
227 701
579 656
188 408
58 822
847 375
711 740
876 48
763 588
601 281
993 455
520 977
81 653
245 434
301 384
110 290
314 893
396 237
231 976
128 969
935 982
130 155
606 162
710 774
824 945
487 699
789 381
592 706
315 266
836 184
343 472
200 90
172 32
708 498
985 787
451 107
48 493
357 125
17 882
253 444
152 443
45 464
708 144
395 943
350 665
668 550
431 568
512 90
677 816
876 538
256 280
760 558
869 500
797 119
86 998
903 560
481 952
706 179
342 207
739 514
904 242
338 882
123 476
455 501
218 267
645 69
256 294
260 229
759 43
597 316
910 91
715 129
660 518
700 571
222 799
359 750
749 418
382 597
170 665
245 195
762 991
527 839
986 743
628 900
75 780
884 558
111 17
473 633
10 724
962 181
550 654
37 297
115 521
408 423
746 749
176 891
552 62
240 570
262 465
500 68
107 298
254 47
572 912
901 806
791 374
119 887
409 940
266 879
676 252
629 850
523 425
488 802
407 744
917 61
21 104
46 834
618 84
250 944
966 922
298 29
699 253
2 583
102 732
682 600
440 291
521 606
8 615
927 938
880 986
527 396
404 309
522 112
741 76
100 68
376 740
910 763
214 196
911 166
237 221
777 134
588 320
806 267
203 802
407 436
464 278
97 660
753 140
913 352
967 173
517 110
497 291
647 991
908 605
303 101
783 303
113 275
478 21
303 970
394 914
348 545
274 700
791 865
814 450
190 632
198 39
496 323
667 44
335 458
748 81
159 737
37 380
330 246
847 303
596 237
580 682
748 480
933 996
878 807
774 464
496 545
171 855
211 313
465 694
486 76
514 219
755 565
183 36
865 53
153 113
318 789
463 340
908 455
377 722
785 404
871 768
504 338
715 932
699 59
612 968
443 377
157 427
736 36
812 137
925 685
618 72
871 942
137 661
366 952
190 412
979 633
85 682
752 985
350 609
927 363
246 919
345 454
769 356
744 156
502 700
824 276
678 659
863 669
266 90
835 372
599 247
503 2
733 885
397 657
294 27
721 269
930 499
215 639
455 44
666 797
92 934
637 510
835 402
178 915
160 394
415 962
507 805
199 43
570 717
130 558
493 778
579 921
726 984
855 572
606 354
863 81
296 233
739 409
675 807
344 245
307 491
182 789
807 388
904 887
283 402
212 52
505 38
503 759
72 735
605 427
930 951
460 778
600 85
304 562
710 238
936 55
982 751
461 580
335 95
62 701
413 737
231 94
162 547
714 753
879 914
497 838
121 336
746 278
233 398
953 645
662 111
349 288
172 287
220 692
231 828
538 427
804 212
954 281
591 44
370 608
371 137
286 162
940 939
79 489
318 531
341 722
177 337
676 893
418 93
257 473
556 219
124 309
968 179
368 879
77 73
594 437
25 982
742 837
120 468
893 231
894 640
343 138
204 332
96 589
637 226
33 92
474 198
312 149
167 41
503 113
512 238
930 309
454 543
242 47
317 269
511 555
593 294
522 874
308 603
674 929
549 563
473 160
554 411
256 714
96 905
373 647
531 137
682 487
256 308
208 610
373 808
268 644
400 276
917 785
957 16
319 852
527 866
530 66
14 339
622 676
164 324
679 615
596 30
593 994
776 350
579 659
856 44
568 736
67 800
213 610
452 750
605 288
678 436
221 55
885 80
207 68
323 508
780 412
158 536
490 456
571 481
330 401
334 377
390 703
970 833
111 649
990 388
629 204
704 317
536 235
750 213
728 691
750 816
541 801
29 220
36 338
405 131
289 682
626 725
920 372
379 559
196 175
932 763
534 275
388 601
595 803
319 163
894 301
452 320
516 905
315 600
465 203
229 178
310 672
275 438
976 217
956 376
588 135
734 800
76 186
498 228
202 684
561 514
569 802
311 902
863 725
833 386
707 377
434 463
327 408
276 554
484 693
341 12
490 950
114 694
167 384
902 573
249 421
967 89
109 881
551 286
807 752
420 603
347 685
783 379
880 464
917 821
201 83
207 405
210 603
155 230
230 542
502 211
468 103
986 740
527 3
187 713
204 617
830 909
526 394
344 860
218 829
19 708
4 400
779 538
288 675
19 821
614 466
458 344
897 740
555 896
37 441
274 797
153 148
118 572
139 153
927 448
822 702
805 932
595 112
119 886
437 596
174 365
12 376
620 997
188 537
907 237
504 350
547 66
729 875
202 941
311 718
353 591
137 618
10 248
301 935
417 234
916 132
167 770
651 113
845 187
773 430
890 804
22 568
272 849
132 864
8 759
950 100
816 798
985 697
492 415
627 364
156 326
711 500
267 679
324 924
843 644
700 779
807 33
973 313
578 427
905 41
798 700
108 734
125 728
921 963
556 630
118 259
882 537
913 359
1 941
865 686
640 971
636 488
151 803
881 899
283 107
85 43
213 230
574 225
869 939
468 20
514 660
98 25
210 575
523 946
139 761
303 954
487 169
183 656
40 130
922 864
412 578
126 458
149 657
187 322
852 80
585 891
460 15
491 840
643 87
330 326
166 672
116 331
387 661
317 588
230 503
602 810
452 949
576 112
789 466
757 462
885 185
372 108
272 354
491 630
555 893
93 982
847 253
704 357
392 871
979 941
428 93
249 584
840 357
676 971
132 873
423 346
278 699
724 991
712 959
608 112
241 633
370 351
278 554
135 503
34 6
332 999
812 25
983 64
639 472
401 666
589 201
789 775
868 768
513 973
825 979
307 897
218 236
440 30
476 313
876 128
221 844
863 301
973 477
961 317
869 668
801 148
795 946
411 909
198 471
951 783
146 178
455 444
558 663
939 499
298 265
134 659
230 903
106 702
144 927
599 348
610 894
523 833
230 599
748 144
252 967
277 526
516 173
794 782
616 689
747 146
842 63
880 198
143 822
980 161
1 486
533 376
379 951
567 816
897 812
562 144
235 440
770 453
534 42
162 373
733 202
646 707
513 158
703 647
449 624
537 129
868 853
930 80
459 392
684 199
81 414
651 790
871 691
905 949
920 981
189 592
702 144
100 29
981 756
506 724
372 256
220 918
77 827
118 425
392 189
618 609
857 303
659 225
19 126
475 576
422 73
545 203
812 577
520 567
73 413
891 88
964 644
721 505
649 100
394 841
126 838
452 61
828 283
83 529
429 517
361 855
677 303
644 56
696 295
580 973
463 203
416 606
455 511
941 111
176 522
467 125
729 338
309 866
643 30
854 816
975 221
978 659
386 440
581 148
527 124
386 156
203 5
413 629
36 204
989 162
630 492
542 562
232 559
414 321
624 453
552 354
609 119
367 355
277 87
741 658
707 542
486 375
34 364
327 817
382 292
2 718
976 557
225 511
599 645
581 906
788 308
312 485
115 24
823 882
419 536
831 327
869 16
745 2
618 272
431 597
414 797
71 924
893 903
993 732
315 968
924 602
713 236
12 872
424 940
996 100
433 930
252 468
865 935
94 531
973 276
652 963
217 996
331 92
722 679
200 837
391 736
344 400
381 907
334 879
834 271
838 719
827 698
28 361
628 158
325 825
456 552
473 974
75 782
922 781
246 213
174 950
984 510
434 995
50 662
844 602
926 860
620 177
770 248
473 744
700 121
667 864
616 792
357 586
267 350
837 65
710 977
642 81
316 749
694 357
608 998
382 497
901 949
791 481
82 501
221 347
671 95
235 105
897 54
491 683
186 280
354 917
558 327
470 999
806 845
773 505
769 493
293 999
440 293
60 982
162 228
432 953
806 559
149 500
885 826
264 834
752 859
194 159
157 9
506 669
989 876
665 590
924 813
542 388
817 699
621 373
603 150
74 111
660 855
722 760
851 996
16 498
593 35
56 450
644 323
94 414
956 621
994 664
812 521
564 511
544 343
763 93
678 934
75 127
862 417
136 457
669 801
191 557
319 632
857 1
736 958
109 852
271 453
408 969
823 500
602 759
786 398
611 127
317 248
446 964
303 837
658 871
254 284
478 452
5 988
407 856
466 500
987 656
254 367
952 679
866 885
157 790
374 516
766 266
982 839
656 135
400 793
135 835
664 471
90 730
914 814
220 41
296 617
999 273
159 780
381 90
266 681
297 833
10 266
984 901
200 148
897 18
149 197
428 680
211 628
530 980
516 947
357 435
379 327
73 964
741 29
63 225
122 687
211 850
364 544
907 724
86 957
180 434
697 8
272 973
935 2
632 563
602 151
499 475
585 91
152 514
687 530
513 543
844 79
791 560
127 502
843 897
934 88
34 423
79 627
43 569
136 485
778 572
908 579
251 314
677 266
390 39
583 163
117 349
977 724
969 708
536 757
869 863
840 887
841 530
52 607
326 74
886 434
672 356
288 637
983 733
583 263
370 700
22 29
960 222
447 512
533 844
984 724
213 686
841 77
6 185
866 648
300 230
447 657
106 21
475 328
58 464
520 741
375 723
853 879
406 756
254 244
297 832
672 439
225 466
46 736
162 485
711 340
774 292
741 351
285 116
999 353
145 817
935 371
794 529
312 85
870 268
798 57
621 906
724 518
54 345
194 537
149 153
996 242
637 224
454 128
938 311
702 420
225 926
445 965
450 125
323 505
259 513
762 514
604 525
982 369
778 766
172 673
835 483
307 186
345 115
791 596
829 257
448 356
122 135
240 198
863 38
196 785
412 374
397 283
130 675
347 939
408 769
237 523
869 994
728 202
322 615
606 239
607 178
810 464
848 547
297 291
725 163
925 929
519 260
45 726
136 590
304 464
446 879
675 996
109 719
741 814
615 837
104 43
140 484
219 540
304 680
213 705
870 797
173 195
945 170
529 811
992 139
701 749
55 80
342 676
850 120
872 960
102 981
825 590
663 518
703 597
704 477
957 805
372 379
485 36
336 284
617 957
64 811
157 258
379 414
986 362
823 845
741 452
689 361
384 849
794 996
542 30
212 869
138 832
324 555
61 584
337 672
472 595
712 436
713 861
664 311
43 978
523 460
303 364
790 854
900 242
955 889
227 30
518 92
727 953
827 6
868 285
192 726
65 88
359 666
364 44
40 906
354 118
506 173
469 295
880 466
679 436
593 947
633 766
5 709
139 735
412 713
438 585
495 648
757 805
994 57
244 904
447 789
504 821
781 245
676 285
568 766
233 172
799 465
602 933
359 821
588 618
93 46
779 621
747 49
305 998
651 695
166 789
261 883
137 829
616 936
289 618
186 210
738 391
278 802
267 63
984 571
161 423
804 238
348 162
996 630
614 141
509 977
1 120
76 532
58 123
229 498
146 998
204 263
332 844
243 347
636 258
233 785
786 553
329 978
76 329
920 927
746 868
215 886
697 243
510 519
704 997
927 693
455 180
973 311
830 384
161 303
602 7
131 403
829 728
360 934
479 67
661 611
265 345
164 553
458 330
548 929
388 401
597 221
890 329
122 191
568 461
297 89
875 420
948 280
37 7
420 145
335 294
173 583
193 265
728 662
178 95
343 891
416 552
274 714
885 55
331 391
169 288
819 577
634 52
967 183
18 711
98 377
207 137
286 536
982 981
932 234
74 254
131 781
794 215
135 813
562 27
763 742
233 407
710 931
845 648
709 801
793 789
331 882
615 994
780 53
486 210
715 968
222 744
444 546
873 336
437 607
323 819
289 743
474 685
817 96
573 603
188 575
634 603
504 380
822 442
550 885
895 491
558 352
524 272
980 690
200 228
993 569
632 231
851 583
428 268
911 481
401 664
698 478
503 466
955 485
389 503
137 358
217 656
114 56
189 586
405 637
181 998
823 603
955 707
735 7
268 814
450 905
489 949
790 943
310 677
756 925
564 200
912 857
450 824
234 899
437 558
959 873
543 878
105 886
896 721
218 447
462 798
807 805
518 524
212 337
710 432
303 122
160 508
553 379
971 36
19 435
424 417
61 52
265 599
311 396
207 335
230 548
639 328
787 551
311 317
222 136
615 723
192 171
410 30
670 912
503 865
587 584
877 269
352 289
960 160
960 386
572 117
719 198
512 272
486 111
897 802
970 808
20 567
979 986
328 232
183 186
519 316
319 426
731 251
385 144
871 581
927 184
361 241
552 678
258 561
99 901
723 319
262 73
449 630
285 488
281 573
699 806
846 187
775 133
355 636
115 216
937 858
424 803
441 907
663 816
777 993
975 962
835 55
928 627
586 394
214 144
307 622
489 631
695 451
310 615
618 732
985 759
379 64
200 589
233 523
221 942
80 370
744 921
599 261
70 605
234 999
109 249
751 702
654 286
226 823
639 697
18 75
535 594
863 33
352 897
532 20
902 743
302 361
969 534
143 705
351 701
523 879
754 826
654 247
843 138
834 459
726 709
784 828
303 892
415 342
168 17
727 921
453 48
934 513
495 597
814 219
747 84
434 735
770 133
898 106
693 827
620 877
823 136
421 527
107 723
552 356
880 593
924 678
280 935
686 243
211 721
286 157
34 362
626 720
36 428
112 826
77 264
372 324
488 857
585 333
94 981
849 320
703 677
116 833
340 612
825 815
347 191
95 565
920 21
594 404
722 353
445 518
453 564
836 489
124 459
622 446
470 187
253 297
147 132
388 890
741 84
299 65
446 4
498 325
971 467
659 248
481 835
962 178
178 741
621 655
242 284
260 451
997 412
949 473
588 175
38 200
978 810
393 375
90 267
29 444
843 72
570 640
790 689
933 819
584 828
252 922
74 406
351 838
227 332
430 435
767 334
456 554
443 804
465 940
657 46
839 834
951 644
109 545
947 357
438 872
24 972
616 794
818 202
837 190
5 295
720 964
755 845
978 260
529 790
544 423
568 844
309 614
665 246
331 806
281 253
214 685
159 228
396 666
733 159
257 100
884 29
150 489
249 546
893 985
733 816
201 391
609 258
902 295
410 701
964 100
323 116
221 601
742 177
870 378
711 834
547 933
586 645
601 192
891 454
478 56
985 525
553 817
608 292
389 35
742 915
229 804
490 513
135 419
309 252
336 182
392 232
801 28
488 369
769 574
208 880
449 122
416 109
234 940
75 480
304 800
756 809
209 602
528 814
354 858
381 828
644 220
517 106
756 856
545 881
907 886
946 403
342 969
715 161
402 370
503 638
218 710
342 568
112 73
151 2
156 692
587 248
537 931
278 131
465 904
637 850
908 782
502 429
16 414
952 570
404 605
762 209
653 94
197 98
714 92
300 334
227 983
965 109
413 105
447 639
103 201
729 682
803 239
861 445
537 287
663 363
480 408
978 123
300 147
715 387
2 773
721 667
24 373
206 29
577 927
803 461
689 470
68 917
533 45
475 957
148 13
993 568
977 467
890 980
673 954
881 575
589 198
746 535
789 772
392 422
751 33
746 419
177 612
416 316
886 699
388 818
154 506
267 631
608 447
156 490
590 323
741 253
742 526
69 900
302 50
622 80
34 713
807 966
886 486
494 455
158 296
27 432
320 422
82 829
446 426
782 256
462 532
569 181
272 1
514 853
680 597
961 92
502 124
13 863
235 208
852 802
28 316
726 847
964 976
520 220
687 80
486 691
35 473
548 657
443 876
484 958
763 423
988 448
844 924
902 932
120 830
511 258
948 642
384 493
666 511
232 679
712 657
19 991
168 483
151 365
563 666
395 60
706 996
272 321
356 171
427 751
154 941
379 662
395 397
388 722
581 915
360 297
638 92
294 204
275 704
737 381
371 939
577 612
730 750
464 150
561 824
488 328
584 103
162 197
864 983
665 746
962 316
564 536
81 606
824 325
982 57
589 123
114 93
282 745
855 152
551 131
493 55
630 664
26 826
192 558
617 259
925 458
643 681
679 223
373 530
122 786
778 767
948 12
626 418
365 142
4 100
282 578
240 248
302 496
877 132
304 987
593 337
373 933
800 233
839 200
1 144
244 950
335 281
905 546
526 434
362 473
390 913
282 6
448 802
654 278
460 357
126 257
53 917
560 739
961 612
690 26
824 881
766 320
126 227
237 378
92 439
412 448
709 32
343 358
514 14
128 893
880 594
495 155
900 807
153 478
709 171
336 655
641 411
718 48
684 384
6 156
691 365
284 534
452 332
716 561
755 45
793 264
559 817
931 438
722 497
355 744
447 356
871 720
160 778
656 911
61 2
201 423
510 824
350 557
80 49
133 969
63 392
229 912
180 94
432 766
752 707
354 419
946 328
74 370
783 48
654 41
204 161
228 303
543 912
268 582
344 484
165 218
238 896
61 921
320 285
511 809
277 865
317 96
819 891
395 730
792 810
596 496
905 461
446 559
886 73
703 833
946 178
840 689
269 991
198 79
827 925
554 959
706 530
211 176
601 376
895 122
515 40
516 503
330 302
918 423
297 575
233 441
879 982
134 954
992 826
535 170
280 742
918 534
118 560
67 574
927 460
250 616
552 434
438 139
309 157
444 536
871 163
374 985
396 667
804 232
167 728
477 448
867 840
271 590
814 688
160 729
675 234
695 247
82 274
29 825
911 399
197 739
784 785
916 119
760 656
132 550
314 449
703 809
997 76
952 323
555 366
684 138
468 914
973 164
377 941
564 327
267 731
751 787
232 996
392 120
929 951
312 943
994 663
482 483
563 438
808 591
39 661
811 324
194 350
748 793
131 179
406 363
47 111
711 52
172 917
316 92
28 328
691 56
648 325
66 678
382 852
196 664
145 718
184 788
67 909
893 553
567 808
550 574
445 427
799 213
343 697
235 464
867 552
903 187
267 93
984 537
162 365
988 33
883 269
223 788
559 538
599 729
709 137
927 198
885 584
524 274
301 903
51 972
312 416
129 830
538 658
868 701
301 536
547 832
769 590
489 264
538 517
547 721
881 157
988 613
629 238
572 115
891 338
982 143
933 601
56 131
458 571
243 599
6 273
445 815
146 396
389 824
191 364
761 698
412 79
820 124
288 69
803 870
200 817
511 643
811 275
360 299
355 111
493 773
701 288
973 571
562 614
579 924
799 855
820 402
970 259
359 534
661 878
26 411
796 139
122 64
469 477
182 750
44 779
425 799
905 517
785 47
667 15
886 433
31 940
306 157
658 838
259 300
956 39
637 998
81 828
733 435
10 632
893 717
877 468
272 307
112 562
245 762
414 361
419 181
79 260
225 358
478 848
82 41
263 124
448 643
14 6
766 7
931 46
788 685
491 743
811 516
629 789
708 388
121 550
824 761
346 325
592 629
609 329
81 240
544 776
262 79
962 661
855 452
603 279
107 932
56 978
519 109
209 84
651 957
814 603
988 964
660 69
328 678
402 725
295 98
522 162
25 586
9 333
966 601
665 666
670 589
450 120
802 261
363 697
863 764
648 995
80 229
706 169
389 139
212 546
96 799
189 334
691 692
449 33
198 420
470 345
403 656
887 8
915 301
79 725
70 893
805 486
308 642
403 622
922 642
230 631
282 873
553 486
403 991
443 794
918 618
335 280
452 580
198 96
382 797
933 403
520 840
424 189
153 865
26 145
391 491
891 521
254 347
889 746
753 616
480 244
118 698
675 693
700 192
704 131
796 595
430 849
509 232
71 673
276 241
161 855
456 880
762 488
124 513
254 132
183 152
997 740
727 385
486 363
418 11
976 802
115 111
557 124
633 494
851 291
251 639
231 573
753 752
348 511
918 951
355 525
267 835
34 74
979 564
342 372
345 400
21 673
998 579
565 932
207 943
528 714
229 927
416 212
588 346
130 862
257 897
427 436
241 260
89 181
659 1
255 608
644 363
645 638
320 495
247 220
284 74
269 282
614 617
643 533
330 792
795 894
155 479
198 275
697 656
471 773
274 451
477 712
904 982
136 416
541 834
201 670
826 999
277 721
749 301
911 546
143 596
828 220
847 672
944 961
852 202
76 540
748 107
141 147
571 546
718 695
923 353
887 592
47 281
774 788
131 786
540 494
279 378
674 254
757 501
463 382
121 275
797 46
589 668
793 843
813 468
709 476
11 934
654 700
35 44
901 945
889 903
16 911
201 389
43 486
215 188
882 475
989 469
827 294
561 497
774 227
704 683
391 322
755 934
141 443
590 75
938 488
612 647
298 843
206 382
712 245
201 144
949 232
350 639
242 92
993 764
906 528
741 118
816 787
636 396
926 216
195 366
802 474
986 111
487 340
848 239
310 557
234 840
226 552
523 412
7 519
449 113
77 767
522 860
134 602
240 291
866 491
596 704
703 236
320 459
619 737
302 591
715 210
910 459
886 793
942 543
28 171
982 300
288 960
830 880
249 309
411 194
322 571
549 808
511 93
689 733
967 350
884 520
466 353
857 848
70 103
110 976
209 689
741 786
120 804
250 427
639 183
70 246
418 655
491 847
102 647
801 922
736 365
439 84
852 307
476 948
712 710
305 144
345 995
608 791
957 904
211 735
625 121
529 897
290 151
879 715
295 394
420 962
580 340
768 886
150 634
334 199
361 171
54 198
333 53
137 282
929 278
837 613
587 798
682 550
129 942
205 453
996 218
209 248
512 105
752 814
129 991
811 231
939 42
81 454
502 694
539 753
920 877
471 107
281 821
468 625
485 85
713 794
753 293
534 792
612 104
62 9
445 159
47 959
90 350
532 297
754 201
97 714
8 69
924 211
583 814
825 402
368 483
630 463
425 124
562 615
378 68
820 403
731 584
454 241
863 95
494 662
577 98
738 839
451 909
260 775
829 76
231 619
89 264
92 536
734 91
367 124
729 377
287 305
625 440
645 603
210 563
944 536
999 194
434 822
6 618
853 521
362 20
3 420
352 2
775 706
478 710
651 496
819 518
54 785
58 476
385 100
745 382
836 498
806 943
399 591
736 87
817 170
600 518
820 767
90 988
866 38
617 965
229 55
176 141
78 292
190 418
561 830
120 474
266 402
845 126
59 585
298 771
399 251
886 645
638 542
954 697
8 259
852 652
891 238
967 845
697 409
259 658
901 111
170 507
668 366
372 965
726 28
530 267
74 671
57 939
539 507
429 751
393 425
554 20
866 258
246 32
504 575
122 242
251 474
913 179
677 298
94 116
648 32
353 302
743 601
622 686
326 27
734 420
577 511
838 390
446 656
201 963
329 150
40 95
465 982
874 442
545 650
965 769
948 753
680 911
760 445
353 121
782 620
836 626
174 121
656 136
620 217
27 707
163 488
419 114
206 270
174 232
90 751
68 509
348 43
865 119
594 847
171 546
743 114
894 234
92 32
556 407
171 691
337 335
928 982
26 774
250 820
470 621
681 918
756 126
576 261
261 590
872 595
300 484
842 611
592 594
917 147
979 582
857 304
443 115
993 614
650 385
464 116
512 418
845 98
976 223
258 818
189 542
729 270
85 477
358 995
650 227
271 89
420 677
370 571
812 659
418 847
925 428
126 542
565 142
38 207
583 570
479 107
962 83
359 513
216 305
53 386
271 383
865 644
630 388
868 281
296 655
818 562
156 909
507 995
454 174
539 372
960 303
456 990
499 928
136 304
567 691
469 404
734 384
607 146
847 675
776 352
406 431
908 869
106 917
602 574
342 765
849 827
576 157
353 20
886 510
637 828
255 133
463 456
410 196
84 787
620 829
100 969
474 947
755 606
573 337
79 24
339 327
31 133
380 553
556 484
372 133
745 421
512 578
196 491
519 257
900 773
297 872
874 87
716 881
555 565
888 125
867 987
173 653
764 613
965 458
917 183
742 180
870 377
667 451
306 968
54 362
94 839
204 259
333 481
32 4
856 882
802 104
121 192
953 236
223 502
560 442
832 501
727 38
788 154
150 923
155 751
636 508
838 864
566 275
554 315
916 710
209 462
780 967
753 946
358 735
574 905
575 26
504 665
1000 382
394 699
790 737
810 227
350 184
579 930
26 506
937 252
938 847
283 30
52 721
883 949
476 485
94 76
387 108
728 134
808 323
17 223
994 62
795 488
137 760
843 292
193 559
412 975
452 812
805 864
274 1000
405 370
29 962
796 613
987 896
49 424
620 801
54 667
861 9
502 912
766 414
987 607
605 4
480 515
77 491
589 528
456 148
370 454
297 836
618 32
376 843
289 852
474 344
902 262
577 781
91 465
133 732
461 255
635 668
708 64
233 864
660 163
506 552
292 488
656 954
157 987
185 118
599 932
688 363
302 799
415 125
489 552
919 660
242 208
137 68
963 816
342 159
972 2
63 339
781 740
450 820
776 506
950 969
274 102
757 677
522 704
743 854
445 378
359 585
269 289
365 312
781 297
280 254
29 92
744 863
31 763
302 106
325 986
588 976
458 253
771 90
406 373
688 774
84 151
691 944
542 92
884 753
537 787
455 728
321 328
644 129
167 215
813 966
634 229
528 698
196 984
213 998
306 8
179 810
696 384
678 304
406 87
83 454
965 812
453 88
400 92
538 286
847 264
558 853
500 229
27 799
327 310
151 374
482 555
487 318
839 549
474 619
680 178
737 39
328 299
634 665
192 508
750 799
509 179
880 553
556 428
774 511
978 90
610 516
410 478
983 943
788 687
185 982
443 410
456 389
327 984
399 511
264 594
686 437
10 186
945 845
33 267
146 554
254 987
627 159
77 66
759 618
544 889
119 459
466 571
51 859
381 757
181 36
495 324
495 755
122 716
674 103
15 429
347 373
596 948
122 575
104 94
638 543
826 397
539 732
904 335
873 942
359 911
397 686
198 607
787 26
39 377
77 646
5 441
601 820
251 255
234 995
753 81
540 849
502 44
730 323
365 284
611 476
613 566
445 388
468 987
530 42
435 776
143 717
737 534
809 993
661 896
962 770
362 437
737 647
61 197
944 807
299 848
922 314
294 597
286 709
325 97
491 889
292 126
460 948
983 919
331 673
850 339
814 78
513 417
89 983
608 865
310 505
607 637
41 596
414 331
866 536
689 49
12 290
788 323
680 460
718 132
557 122
780 991
654 960
382 303
57 296
591 303
423 489
306 805
696 131
607 185
848 380
193 81
439 579
427 123
120 503
506 528
158 249
876 982
56 863
648 675
976 208
918 663
816 873
229 780
949 3
384 709
725 556
228 500
640 438
292 275
744 106
826 528
187 770
424 688
962 80
243 241
605 808
345 82
579 969
763 36
37 961
89 85
680 528
532 593
562 556
728 316
601 50
892 503
305 686
510 887
681 27
848 516
922 791
814 281
466 379
49 673
805 250
952 546
467 12
187 319
5 994
444 326
357 739
273 426
735 654
979 184
852 426
325 470
515 186
537 662
754 948
906 613
745 539
652 65
980 342
269 527
275 942
383 689
538 104
866 589
371 217
48 212
908 426
31 21
489 102
434 545
272 396
628 503
854 881
62 529
966 515
382 330
6 236
603 288
841 763
950 55
594 485
741 402
483 638
707 153
391 416
95 533
464 81
719 604
188 34
623 3
366 24
280 106
96 524
979 281
337 886
555 262
216 577
544 655
782 441
581 603
164 880
221 865
721 281
802 408
483 58
583 695
285 784
938 367
94 384
386 585
117 478
501 386
138 722
13 934
17 291
308 294
327 10
995 947
826 274
155 445
304 849
526 220
748 788
958 267
27 103
763 177
467 364
527 818
285 675
813 738
199 861
572 409
972 419
260 999
155 219
162 539
587 252
625 257
19 632
820 416
671 596
84 82
505 387
712 523
888 700
31 858
400 896
553 222
679 778
573 259
422 423
897 655
944 717
282 492
266 553
819 703
162 646
839 576
650 947
44 358
12 132
250 651
876 459
953 738
805 577
422 815
719 15
975 433
564 972
659 816
290 149
478 778
46 718
270 706
860 230
204 78
557 66
480 762
978 153
673 973
485 103
909 709
806 867
733 897
111 29
815 915
391 663
859 983
272 805
845 88
940 364
337 961
302 941
488 435
507 497
163 733
458 727
243 427
100 96
137 506
356 202
319 966
567 867
806 476
589 36
275 100
157 645
208 961
226 897
815 614
431 361
342 156
949 492
697 387
294 19
705 664
118 503
172 699
981 827
13 633
855 982
217 38
52 562
570 610
407 321
14 93
400 682
145 210
346 629
717 930
749 465
914 166
44 887
260 820
911 759
667 620
944 311
933 508
240 781
59 898
956 947
338 374
413 959
461 636
729 488
801 971
714 124
219 566
20 589
663 421
921 318
223 80
675 363
396 376
571 330
645 891
371 224
637 709
269 599
720 799
191 566
104 628
301 198
103 382
436 595
219 837
721 763
703 575
83 616
581 927
855 336
432 138
695 139
675 167
253 431
509 773
789 947
522 222
760 829
113 366
948 376
161 174
16 759
272 769
601 744
922 626
546 59
622 278
200 483
242 98
225 912
610 729
507 959
259 519
422 497
460 188
156 133
284 498
359 910
398 126
237 46
1000 296
873 574
754 235
972 182
938 994
423 622
299 548
908 654
479 555
494 238
109 133
660 619
623 861
939 468
632 930
808 409
631 945
64 185
834 341
265 630
514 599
622 684
951 526
923 233
74 81
383 41
75 1000
994 158
282 2
340 508
732 526
326 827
348 775
439 504
689 713
961 632
141 63
589 868
861 223
679 978
801 305
294 706
376 55
872 284
803 171
846 335
314 100
978 63
673 683
513 322
698 206
400 517
310 24
851 292
263 242
183 443
920 235
229 41
945 872
655 525
488 237
584 121
324 371
151 385
648 725
189 683
64 848
449 710
767 702
509 666
755 222
810 612
441 938
261 255
29 115
678 576
589 27
795 676
958 208
835 167
928 259
695 595
739 963
649 431
298 7
322 129
949 292
627 694
593 378
817 882
52 985
255 754
648 224
846 711
907 691
726 937
998 898
911 777
91 738
19 385
882 683
740 943
478 38
818 643
203 381
648 478
957 76
474 782
411 360
196 898
197 343
571 694
939 734
871 283
801 657
329 176
809 254
350 286
761 149
444 327
690 171
838 115
788 812
130 82
147 45
176 700
339 216
700 45
710 953
24 576
704 226
796 690
429 439
361 257
234 17
162 722
126 3
552 438
866 586
232 626
326 592
20 859
760 40
631 328
56 687
2 685
955 241
115 76
977 345
159 257
381 145
82 270
731 135
305 86
612 825
469 69
67 15
488 88
324 742
436 984
612 273
668 515
579 104
462 620
156 303
209 125
539 802
807 72
440 10
597 275
483 172
855 860
995 329
722 755
85 209
88 642
498 983
204 193
229 658
639 751
207 438
492 196
682 20
635 28
263 879
626 377
812 806
672 113
66 896
767 883
40 251
448 64
1000 941
126 611
18 686
918 357
666 706
259 168
746 532
679 692
774 868
499 732
600 391
232 801
598 588
212 255
965 967
830 209
1 402
679 773
991 631
188 864
580 546
871 29
286 429
890 292
469 889
128 539
510 79
917 277
184 903
978 485
107 257
879 615
435 822
628 421
97 299
335 785
379 641
684 294
777 668
742 116
564 892
267 174
270 707
275 683
607 874
573 710
775 14
462 319
45 365
802 168
35 717
955 394
868 697
318 350
582 687
269 919
825 874
823 691
468 964
446 909
67 235
555 334
943 387
149 170
869 418
530 512
911 141
56 135
250 924
621 338
470 368
218 359
311 966
699 732
938 124
156 209
138 612
947 710
270 89
18 206
75 387
167 499
104 401
587 300
515 539
734 685
769 831
304 712
596 598
388 371
321 944
588 978
613 609
360 729
972 448
814 487
815 10
986 676
645 567
63 869
141 216
913 903
596 10
268 221
896 734
642 462
737 948
296 814
724 182
818 143
362 19
71 697
348 66
885 357
707 669
232 571
67 69
430 491
127 742
864 416
443 303
896 363
950 210
736 106
298 605
368 251
478 999
524 163
876 718
254 846
851 504
279 867
229 52
485 154
510 551
662 416
391 762
803 714
309 107
971 604
842 812
459 384
519 254
349 196
437 505
574 666
445 990
856 987
85 439
394 396
877 827
473 397
471 686
899 681
510 912
132 280
501 551
137 102
60 472
125 551
754 153
293 363
887 151
377 730
506 446
514 899
530 707
223 127
267 555
762 751
47 205
907 804
990 791
377 960
407 213
781 488
749 686
236 9
536 681
921 733
113 811
745 993
338 569
896 740
916 828
477 898
95 343
260 952
670 871
656 170
995 449
435 434
143 837
239 888
476 350
918 301
539 56
832 46
501 644
374 677
231 228
197 404
872 40
274 927
955 701
667 156
10 649
250 494
931 771
54 726
720 990
827 850
700 220
776 564
675 262
234 58
839 523
509 228
571 361
184 959
421 526
951 344
714 371
954 194
576 368
978 60
104 593
103 413
346 434
935 558
357 896
617 789
998 138
232 309
674 308
440 783
883 118
765 761
9 435
82 299
739 663
738 830
600 771
401 602
772 639
190 300
617 192
621 760
214 182
198 843
648 564
868 87
788 619
856 951
504 406
750 87
75 365
57 234
388 134
17 692
972 68
521 228
43 856
961 509
28 44
817 881
783 172
766 439
869 557
674 589
593 358
734 553
947 988
35 694
914 239
757 37
682 339
956 790
689 693
464 864
619 948
343 876
930 901
715 409
232 608
136 642
31 979
566 912
933 435
992 977
937 385
724 911
14 598
861 177
495 631
888 273
407 701
157 778
714 437
267 70
977 637
349 462
885 172
430 534
745 537
837 73
859 513
107 292
789 310
883 391
462 6
64 753
374 978
330 482
435 379
489 100
524 148
907 228
339 422
784 361
676 815
181 471
44 49
86 604
879 401
438 345
521 763
189 861
617 898
431 896
931 456
474 101
663 769
613 214
744 283
85 525
848 489
665 677
595 548
742 48
102 564
270 288
952 311
630 682
636 511
803 992
143 67
492 295
403 494
35 999
696 939
398 55
825 265
184 255
97 674
429 582
77 588
687 759
672 148
857 152
70 671
326 309
109 187
796 13
717 949
630 278
541 511
748 165
804 663
696 376
866 184
409 455
890 50
687 924
748 52
397 184
865 496
786 482
222 151
942 364
784 890
538 313
102 328
326 768
473 716
827 813
500 51
248 204
769 794
503 952
310 308
348 127
224 181
392 897
706 789
339 356
427 26
784 183
144 278
992 74
11 966
492 929
425 877
37 678
343 89
828 663
470 936
128 169
426 450
973 966
634 981
854 514
910 784
949 822
842 603
651 916
586 675
932 907
203 525
285 63
87 247
414 615
39 112
332 254
685 574
834 792
621 704
33 63
539 757
646 171
940 396
950 605
75 309
203 248
575 96
868 254
119 36
411 791
549 517
18 207
825 293
60 566
796 482
319 567
469 134
56 341
437 600
666 914
103 861
709 976
62 725
514 734
238 556
977 716
174 68
544 105
925 788
821 627
58 821
75 881
740 613
9 579
283 364
572 302
520 849
739 295
351 533
178 461
953 945
684 967
19 857
141 296
127 899
475 418
168 346
741 899
44 437
751 798
546 659
327 291
583 396
37 632
386 288
771 249
64 650
746 954
582 204
819 522
427 370
953 764
326 526
438 116
466 126
922 257
7 481
301 196
849 309
885 390
997 860
121 553
622 75
931 162
241 540
126 172
332 941
190 471
962 532
708 16
195 127
215 96
343 47
200 263
93 957
372 525
584 109
712 162
342 365
768 116
717 431
815 806
952 88
981 522
34 773
308 164
901 329
360 235
432 712
916 605
812 683
670 281
857 310
195 699
489 922
722 696
839 275
237 445
367 718
761 579
698 932
764 306
584 952
400 687
952 188
881 234
221 585
832 402
924 418
31 728
627 875
558 555
701 559
654 254
434 101
348 739
848 539
649 990
169 163
980 95
854 153
896 780
985 371
914 573
957 928
795 322
671 703
839 629
696 39
590 517
996 868
758 847
427 547
600 345
174 236
984 696
310 508
391 21
323 867
969 181
438 80
862 572
594 164
900 813
941 71
729 789
970 553
322 444
718 139
230 574
833 931
957 829
542 981
318 636
744 851
698 191
807 499
793 28
751 483
545 774
928 712
733 967
440 274
994 841
632 294
765 931
655 956
310 939
594 286
647 296
797 475
122 751
17 905
414 917
255 777
971 456
609 955
204 505
575 218
333 731
100 58
377 923
85 330
69 949
858 74
803 967
808 827
271 165
275 158
708 470
189 508
762 558
464 293
631 653
911 117
631 990
457 329
47 883
393 376
454 787
191 560
468 907
160 460
622 876
435 66
84 347
913 107
454 61
536 646
645 364
154 265
601 416
930 898
537 968
809 83
687 22
193 470
827 327
640 787
805 231
974 550
791 52
136 530
966 442
568 629
295 814
121 165
941 691
202 869
845 668
921 995
12 227
710 974
489 218
642 38
898 220
442 64
581 51
128 863
421 802
281 375
528 208
171 288
153 301
462 289
500 668
708 473
141 820
993 533
996 348
637 94
397 815
197 749
314 459
638 888
74 799
169 545
738 946
831 243
258 663
868 116
9 25
470 440
364 731
989 916
665 966
411 778
375 501
820 102
125 750
787 87
352 866
577 63
935 426
362 360
92 892
807 825
299 622
885 113
891 904
400 455
273 79
290 871
250 99
877 326
74 437
991 450
95 281
940 583
140 264
693 942
514 541
622 618
18 684
369 704
776 256
847 304
297 396
575 993
600 243
106 772
192 357
980 262
510 77
799 211
15 864
607 694
318 915
733 252
422 957
926 572
928 786
680 391
883 128
337 36
988 861
160 618
38 591
39 226
105 545
105 290
12 858
608 455
617 159
733 721
886 557
711 466
927 657
911 60
437 645
973 467
671 776
320 445
925 400
450 816
878 432
200 823
77 623
905 220
688 732
601 845
4 30
781 450
504 471
947 813
827 652
113 308
635 457
558 524
423 677
100 566
549 545
944 261
325 855
236 438
18 769
126 114
726 689
984 16
201 281
349 226
118 801
249 54
287 316
783 603
986 822
274 953
939 937
609 135
365 777
719 206
529 838
268 174
306 505
680 182
93 927
165 562
92 838
228 698
895 286
20 686
187 183
6 905
245 629
581 11
879 746
310 51
560 826
23 666
7 113
45 318
695 132
242 812
205 440
100 338
211 539
413 171
569 685
141 892
492 676
777 920
391 756
251 695
603 410
437 86
60 919
461 368
360 93
234 698
933 662
575 161
280 446
742 594
411 724
708 838
694 785
665 525
281 485
964 639
658 318
824 170
643 686
184 201
995 131
214 110
906 432
963 673
88 869
368 437
477 589
848 879
711 790
88 788
878 319
401 73
961 49
840 958
711 101
494 695
614 880
47 45
505 94
862 98
493 517
956 995
798 136
985 830
307 321
594 663
938 549
444 190
962 297
807 513
785 158
883 655
719 317
336 826
481 167
11 722
488 645
370 729
209 94
876 511
291 51
440 983
443 220
140 788
111 771
516 719
611 715
79 289
193 934
451 198
824 812
534 447
665 60
214 635
984 838
470 977
306 846
471 8
148 93
390 246
907 472
792 40
523 136
779 226
715 325
547 798
591 585
918 683
674 135
588 449
636 306
886 762
741 173
523 374
228 496
583 574
584 360
824 215
471 588
368 755
830 493
703 97
688 390
561 648
636 68
468 694
859 431
249 449
964 738
808 602
700 600
26 571
942 517
778 618
625 63
678 3
327 179
499 822
80 628
464 979
829 30
566 379
896 971
790 427
5 605
230 740
726 761
605 488
917 540
23 169
120 782
840 519
828 456
933 258
644 715
671 679
701 806
733 399
418 657
741 889
178 357
112 481
793 768
867 659
483 934
580 600
45 946
943 590
656 120
507 18
126 6
620 984
381 76
755 835
750 586
841 878
56 690
646 641
632 101
244 363
553 985
944 97
263 211
824 695
733 953
954 966
202 803
760 777
102 712
802 242
217 530
772 974
419 574
138 154
911 261
915 830
402 791
829 924
388 838
194 149
121 947
398 283
720 181
424 626
575 249
522 317
462 994
302 887
32 343
734 922
441 677
78 690
501 541
566 391
588 203
130 943
276 721
179 390
702 313
165 231
169 252
251 227
544 464
946 412
748 784
109 842
172 647
645 318
328 238
66 927
653 378
584 832
917 862
147 578
576 976
912 306
487 162
387 941
424 375
403 797
173 463
637 874
304 514
675 533
417 869
514 397
109 765
737 828
353 75
763 512
14 560
917 673
610 405
922 9
173 241
880 613
680 219
3 334
419 355
79 251
68 360
896 531
788 545
941 125
667 367
999 267
747 306
896 386
950 840
898 336
828 657
405 192
620 514
337 138
465 477
284 951
603 659
819 974
271 683
589 412
326 706
98 805
676 732
857 13
633 470
844 480
9 457
428 261
945 693
216 771
695 321
972 714
350 690
115 331
321 898
708 220
584 450
267 542
950 305
772 561
481 786
657 759
160 841
712 358
859 201
254 749
4 874
96 667
171 203
355 950
621 335
31 694
535 527
281 503
711 354
734 513
823 837
100 977
598 48
433 706
240 212
829 356
283 64
286 929
178 790
622 805
444 802
93 425
964 984
605 526
277 531
545 631
804 260
397 218
588 691
917 995
828 130
791 14
758 71
351 535
83 461
503 888
141 213
316 85
292 71
443 981
926 898
672 749
616 563
710 117
876 261
689 291
676 530
405 401
177 18
766 300
343 741
550 605
511 435
666 118
944 811
615 57
250 683
343 346
849 433
371 149
941 97
215 284
73 291
474 258
135 447
564 851
370 938
11 194
450 318
31 980
717 476
898 598
917 234
885 678
471 325
295 27
122 713
678 600
570 177
973 148
368 524
742 595
838 786
358 840
273 714
265 446
473 3
626 75
878 369
445 189
750 152
716 88
28 122
726 897
375 301
938 881
38 964
960 729
52 743
369 403
630 348
230 622
430 412
785 115
344 221
911 727
914 281
109 931
184 518
493 516
50 83
783 521
914 424
473 616
406 116
31 905
912 137
865 175
64 458
587 541
651 690
201 39
205 535
174 242
175 543
200 599
197 179
383 664
448 631
693 691
344 648
110 607
954 193
183 145
441 498
97 336
533 596
135 18
104 596
546 407
874 120
694 263
827 418
31 209
335 635
543 38
216 989
158 960
696 974
493 463
744 403
462 378
263 383
342 284
181 146
846 156
43 145
261 362
190 320
393 930
637 41
508 359
677 850
381 491
38 916
594 284
868 963
924 941
872 390
449 331
927 586
566 158
214 819
613 913
81 256
707 468
322 106
674 247
492 318
700 891
259 615
556 759
541 69
997 387
213 500
694 621
486 201
557 731
374 169
490 954
566 555
470 380
570 550
592 178
477 592
125 765
406 724
469 188
437 926
810 152
795 228
670 676
430 329
737 565
790 569
26 474
524 621
100 719
16 284
624 961
412 504
862 95
790 424
990 644
245 71
616 613
447 799
840 697
947 255
625 489
914 928
184 657
304 588
210 881
945 482
230 194
783 658
117 174
465 581
968 423
467 457
154 203
277 104
266 897
249 719
804 129
922 212
536 981
528 67
890 325
931 30
200 20
167 720
258 684
832 713
599 717
528 210
430 598
272 528
515 492
438 429
132 776
686 391
319 378
57 537
768 784
537 213
367 110
404 484
958 519
544 823
279 932
859 974
306 962
346 183
920 122
668 744
6 3
161 106
551 797
555 358
834 819
964 402
531 785
454 704
479 151
318 19
891 319
564 335
468 612
570 984
790 921
708 558
160 12
507 167
96 990
796 409
140 615
633 582
817 995
13 818
929 681
1 810
697 693
40 848
354 16
395 766
195 800
245 170
980 738
31 547
899 207
719 470
602 694
387 483
939 830
906 954
732 579
680 958
164 23
476 257
342 441
500 143
969 384
398 656
644 680
17 849
603 839
536 728
883 503
19 970
975 15
338 64
46 497
20 660
223 911
738 417
277 35
408 174
129 835
142 557
799 98
759 894
353 758
797 605
968 53
362 876
55 259
148 167
746 246
855 312
119 438
175 922
546 161
181 202
316 474
759 525
264 666
907 368
553 788
772 562
367 864
722 433
168 929
66 397
854 338
341 476
478 500
346 941
238 247
366 424
26 815
933 978
346 860
403 271
665 928
687 551
360 912
15 154
164 736
881 114
131 505
792 477
251 326
833 950
402 316
776 113
9 870
799 863
636 851
268 661
549 868
36 649
58 833
647 839
435 301
311 390
661 999
321 726
840 595
758 68
444 148
690 156
885 834
499 700
117 245
597 827
853 673
693 956
110 870
1 498
2 45
763 668
896 698
411 647
546 513
140 882
735 403
349 676
723 491
615 137
284 869
546 624
91 277
839 685
102 951
431 871
858 561
675 221
159 308
348 275
884 205
557 161
794 757
48 511
197 530
509 768
774 656
299 206
906 122
409 514
121 776
30 434
345 444
975 980
726 474
86 869
17 930
146 710
76 139
792 236
997 285
854 382
530 608
837 868
877 823
293 646
960 909
281 794
235 635
369 241
868 157
963 675
90 317
716 89
352 812
939 442
725 485
781 403
951 871
8 247
429 633
122 253
982 367
86 400
292 311
942 943
887 294
536 948
568 187
147 637
459 703
889 454
815 42
504 804
490 283
697 975
476 346
59 482
466 288
302 74
892 830
110 915
681 451
610 491
314 668
546 874
23 244
358 237
770 155
633 257
168 313
172 353
487 344
823 130
183 99
612 855
957 600
742 470
317 761
84 740
589 577
185 907
846 336
473 839
196 13
457 639
116 804
44 73
137 633
42 550
315 742
443 360
276 251
685 865
651 977
121 804
698 232
824 507
167 115
613 15
582 890
266 83
877 795
460 573
346 869
681 961
549 585
270 106
237 13
302 296
655 125
568 77
255 761
630 415
457 708
360 631
492 108
807 743
244 765
246 7
619 539
285 729
605 708
58 889
610 826
900 426
464 216
226 51
544 148
472 367
299 819
734 395
884 572
645 506
313 897
758 29
213 920
235 48
710 275
736 635
480 600
383 456
19 723
10 710
46 248
236 670
404 562
810 733
174 870
709 489
675 345
322 915
89 900
771 202
75 745
168 277
797 854
407 914
400 696
609 62
628 334
352 193
996 746
906 766
245 698
728 668
18 166
418 948
774 441
300 627
158 914
54 67
515 495
169 294
508 162
474 510
582 580
197 746
346 180
699 888
462 710
896 658
832 199
618 396
384 776
60 857
243 469
704 833
376 754
407 771
252 413
806 426
61 609
860 74
219 466
290 529
686 947
817 768
485 658
240 347
67 793
235 387
937 742
632 880
963 520
639 635
216 131
783 317
182 872
740 766
173 555
1 443
947 60
126 533
113 414
956 822
481 402
942 257
834 406
141 94
948 402
17 208
364 297
438 544
844 739
684 840
539 119
769 556
875 191
805 152
53 931
224 363
206 431
218 754
409 207
624 204
330 331
663 415
421 528
903 396
770 505
49 407
503 140
984 708
527 764
24 673
137 838
634 652
710 809
159 864
629 151
261 749
906 658
875 881
196 54
548 163
747 31
550 785
762 516
478 780
427 778
390 717
431 834
511 459
785 510
2 650
24 494
78 161
757 495
548 385
487 983
471 50
387 707
384 658
405 928
501 955
372 565
858 380
587 790
141 934
163 626
57 475
99 624
100 415
246 528
823 978
32 262
12 963
882 40
996 32
856 627
448 520
468 721
420 740
521 215
961 264
47 839
51 256
308 865
72 868
532 305
860 838
916 592
15 140
26 718
668 177
62 128
907 831
553 727
950 883
147 642
904 7
958 350
433 593
341 440
239 909
221 658
991 904
394 952
217 379
572 443
94 19
574 281
170 579
961 884
763 448
586 331
79 778
351 529
814 347
373 233
376 323
908 804
822 934
32 654
148 512
679 804
923 478
672 494
451 433
839 546
54 894
914 759
275 895
444 618
107 736
269 593
788 711
499 74
483 881
214 739
830 146
92 203
909 658
120 223
915 557
963 357
849 337
959 284
228 874
300 399
375 965
216 882
358 669
822 12
168 809
243 367
997 58
120 482
656 526
551 855
589 224
502 635
945 544
416 338
996 478
401 514
733 641
440 88
78 462
815 659
618 707
627 954
846 979
291 637
617 265
284 456
485 601
750 47
808 722
901 87
584 557
278 341
80 395
333 887
852 985
895 901
587 92
936 340
252 973
277 708
764 932
744 561
545 928
140 380
13 202
253 709
855 479
700 260
882 611
187 699
387 429
664 181
312 522
568 750
862 496
540 364
300 521
174 22
838 9
605 306
128 698
124 352
279 361
62 843
785 90
303 615
92 282
516 404
535 152
279 478
471 397
926 21
638 309
832 166
936 831
281 238
926 670
893 857
361 440
788 731
115 201
64 537
234 217
716 837
425 547
461 183
704 553
706 493
603 733
658 798
691 806
355 564
228 782
893 44
566 114
949 874
399 329
651 976
484 103
270 478
95 591
388 877
501 740
930 248
474 172
972 867
260 295
898 672
527 355
160 883
531 868
440 227
575 87
668 475
282 650
100 181
47 910
860 440
90 367
265 297
393 380
752 834
252 719
626 508
227 411
155 470
28 88
156 901
138 648
431 13
826 893
989 823
178 220
51 22
880 462
329 344
476 537
97 980
117 281
981 320
527 852
538 447
403 770
813 519
80 661
18 727
628 570
282 96
468 331
884 723
468 442
923 390
908 466
969 196
642 34
115 820
512 209
375 766
949 571
866 567
859 802
978 172
656 680
585 278
16 535
370 767
423 394
411 334
261 892
220 670
403 166
926 182
33 421
623 8
997 392
937 671
994 984
901 380
105 475
879 227
937 552
247 951
835 137
640 361
687 385
594 853
590 413
852 716
462 784
636 107
378 343
431 451
108 716
548 945
551 466
810 88
388 502
411 959
503 301
538 100
354 191
194 340
303 106
860 897
517 480
414 320
729 74
383 137
956 823
204 556
814 461
118 942
198 22
291 944
124 545
917 972
723 917
541 540
92 700
553 182
44 575
562 444
505 373
676 180
878 822
33 827
675 372
306 465
382 60
181 385
228 642
248 64
600 277
567 851
148 323
132 968
296 598
760 219
962 875
873 348
688 656
418 985
435 941
438 28
556 343
828 684
522 451
478 781
564 890
837 330
770 277
607 848
684 435
43 317
353 608
50 703
190 831
453 706
113 561
457 647
612 733
793 349
63 135
432 963
682 559
485 865
817 496
786 513
513 991
346 371
869 428
318 418
1000 21
801 68
695 608
717 232
267 255
756 626
177 179
719 822
136 180
319 685
434 393
397 275
365 159
193 86
855 604
56 346
313 621
431 197
967 23
883 1000
49 512
984 101
692 862
472 441
383 173
772 150
442 593
39 913
726 865
840 868
32 929
862 21
114 805
905 668
73 228
757 146
210 823
926 897
747 100
965 933
719 202
934 850
528 495
231 988
947 471
988 249
455 788
461 855
102 75
241 821
58 485
828 705
300 106
871 797
304 109
712 890
90 239
845 898
786 329
974 222
685 89
387 810
509 743
740 546
591 339
32 972
579 474
582 626
106 331
54 187
497 894
280 228
211 908
882 363
21 659
99 623
171 10
983 491
87 150
882 250
226 630
977 214
190 133
156 365
998 556
765 303
158 423
345 348
518 455
597 470
797 20
907 636
142 673
697 416
437 741
920 705
740 450
613 860
155 348
90 315
398 240
249 410
998 921
394 891
677 320
974 532
598 9
56 374
899 986
278 501
196 774
838 733
201 744
277 707
739 104
359 331
785 112
824 258
386 989
559 66
522 44
382 779
115 652
351 628
999 136
13 427
453 36
164 41
192 306
103 36
486 948
912 27
822 562
951 346
791 269
336 973
162 713
2 958
426 722
244 125
427 695
230 56
582 301
234 183
920 468
885 500
462 95
420 257
896 333
695 119
608 71
663 533
214 524
926 441
106 284
785 879
863 774
440 680
681 814
851 410
214 102
712 116
694 36
767 726
238 480
794 582
134 239
542 248
390 133
48 364
376 617
584 398
864 910
494 57
764 175
546 86
584 285
33 9
507 446
76 169
574 696
575 193
468 579
881 446
255 901
401 382
38 858
62 127
247 33
52 15
623 314
492 328
972 66
389 870
749 112
327 119
114 681
276 680
260 213
891 995
708 747
105 826
758 186
808 493
402 258
887 407
299 918
105 971
307 387
983 987
334 479
277 743
957 69
688 966
504 979
891 705
404 734
22 773
652 388
157 994
885 266
303 254
207 184
504 177
698 681
304 921
545 147
296 861
763 745
582 111
415 92
861 60
703 338
349 456
991 937
341 466
249 716
10 359
417 552
895 333
556 477
25 35
797 965
229 259
11 976
625 965
36 357
422 906
258 683
543 118
332 611
633 612
565 635
50 664
345 728
91 460
20 64
976 918
24 3
906 929
820 559
267 921
591 440
298 817
856 891
264 293
272 523
15 380
199 499
293 634
518 109
591 553
215 406
138 873
859 784
717 195
539 751
77 868
151 765
78 519
561 607
191 236
764 34
985 315
660 869
826 75
147 906
617 448
748 622
621 504
53 380
293 301
97 676
134 535
308 302
94 283
297 59
703 359
327 147
882 710
925 602
729 73
73 625
778 1
936 301
413 209
830 969
465 875
364 299
496 371
945 434
835 648
856 243
250 334
365 655
793 710
277 477
245 457
727 853
248 813
437 833
929 297
587 219
761 43
154 187
502 308
124 893
692 703
245 136
63 706
500 936
173 126
29 607
824 889
498 264
350 180
51 936
413 849
505 944
15 525
897 108
720 585
742 254
390 35
690 541
191 893
532 882
310 842
863 990
497 601
872 291
500 620
854 631
407 995
381 319
458 844
129 932
115 335
685 679
24 159
823 71
39 110
479 871
63 100
679 664
338 365
696 879
554 373
410 110
354 399
639 938
683 168
134 608
217 46
164 739
496 211
743 841
839 442
18 88
19 337
956 758
402 868
613 537
687 774
339 748
93 421
368 108
226 6
722 899
136 354
448 52
247 956
285 671
328 602
240 950
293 180
648 413
335 265
874 573
654 151
35 453
689 576
406 793
159 779
16 457
144 59
552 200
165 731
3 240
432 326
197 74
19 890
222 919
118 708
809 264
619 33
141 435
895 436
533 913
241 859
791 345
334 412
652 1
249 644
505 626
732 247
895 261
491 579
281 129
300 107
675 113
513 382
208 458
344 39
947 500
120 956
620 691
860 204
771 691
781 697
6 172
428 752
820 624
894 289
185 191
962 385
89 173
46 972
513 905
293 929
355 760
304 216
546 51
664 442
524 947
612 464
851 16
560 379
506 743
452 992
248 59
659 8
167 266
178 581
51 497
643 661
347 618
891 105
409 968
469 51
87 436
655 395
201 542
553 305
790 678
761 566
52 739
182 854
862 212
666 611
919 375
558 557
481 367
559 220
725 196
751 712
52 658
477 923
191 841
14 722
758 167
135 586
970 927
438 921
643 424
107 416
658 560
471 208
228 756
457 770
242 536
79 191
827 120
516 692
918 864
900 811
577 930
546 403
174 464
453 615
755 795
239 170
314 223
315 650
854 989
671 249
968 112
219 214
439 549
12 569
896 108
590 122
548 554
424 780
846 787
447 358
564 448
198 834
364 606
350 537
631 440
777 153
6 325
137 58
892 68
323 451
279 803
218 183
578 343
669 12
484 726
514 975
772 299
41 295
251 510
504 647
268 634
894 872
787 174
661 713
759 58
315 720
277 885
60 363
869 935
696 355
571 849
956 787
274 329
38 310
382 981
273 135
438 603
227 712
156 724
361 606
318 404
455 552
41 780
690 163
528 266
18 612
370 871
192 287
617 126
583 445
219 630
940 686
27 591
504 400
784 66
162 746
254 92
349 376
611 669
945 81
750 988
1 217
76 699
457 911
197 706
225 443
85 835
278 242
571 104
388 670
577 831
542 827
500 666
29 668
306 879
328 779
699 780
112 930
363 35
759 948
6 116
263 351
581 736
358 603
877 585
470 865
971 652
901 745
953 557
731 12
159 559
218 105
757 255
811 244
542 100
214 213
623 123
661 410
898 828
52 103
203 213
919 763
498 907
762 588
321 130
981 391
342 248
234 913
522 722
338 839
869 761
925 311
88 802
941 633
489 615
679 360
312 810
701 272
499 872
761 637
431 35
568 475
507 921
805 466
109 837
237 272
539 298
433 212
905 388
264 284
856 470
622 765
734 475
476 511
576 981
558 613
174 882
895 812
108 146
145 180
746 540
856 244
325 159
481 417
210 849
357 526
40 77
605 376
308 786
274 990
405 376
301 55
865 236
692 696
683 37
384 397
607 559
467 811
277 190
560 566
27 555
732 236
842 380
400 679
300 128
754 914
452 91
364 396
81 887
443 392
160 642
125 102
954 116
385 311
405 828
543 506
655 732
282 473
536 332
2 568
756 303
703 241
530 854
825 180
197 715
184 44
585 128
136 234
376 674
18 405
695 461
920 969
685 567
998 852
273 737
777 57
241 181
848 91
385 755
631 352
333 669
155 709
138 925
983 295
548 832
553 570
483 88
713 964
902 971
468 747
804 845
731 679
659 66
458 257
939 338
78 770
597 274
155 483
985 48
342 887
994 318
544 497
691 322
969 612
952 790
681 184
403 606
78 988
283 500
572 438
240 951
717 699
114 976
687 103
464 815
374 294
587 147
182 661
18 650
607 220
918 281
576 160
973 994
832 218
409 319
541 766
727 907
895 585
399 924
610 892
303 588
953 811
2 41
686 7
482 545
256 690
374 627
314 559
819 738
69 15
564 953
849 539
166 847
775 823
597 537
818 278
965 197
736 243
534 58
383 624
276 286
408 142
745 363
466 892
732 103
606 600
228 902
581 902
86 556
784 424
162 500
453 531
437 190
468 933
827 266
774 279
409 661
581 791
638 984
819 862
141 886
200 270
493 375
573 851
902 107
280 230
873 233
987 113
293 928
721 45
224 515
775 264
686 669
502 638
376 702
713 705
459 265
42 499
686 780
289 330
218 208
886 515
445 839
268 960
713 803
260 108
389 768
617 415
998 780
602 493
506 454
180 187
237 438
420 618
657 235
369 838
762 759
361 182
84 479
69 653
514 778
473 800
971 97
594 3
691 350
675 869
142 362
365 419
558 562
460 633
210 612
317 192
876 49
606 222
386 987
249 475
614 709
481 479
999 821
620 46
615 604
175 452
801 893
343 934
109 704
58 562
222 993
300 923
338 226
755 591
442 196
320 974
906 631
980 324
508 581
477 350
297 744
7 429
465 382
926 669
695 469
732 212
903 443
719 974
546 400
39 250
779 236
594 100
775 57
867 936
30 240
345 706
676 642
56 523
256 93
439 548
154 692
375 938
30 3
786 677
845 134
873 197
746 434
822 158
988 690
633 670
594 281
712 254
263 536
30 317
111 306
701 937
926 775
703 30
281 841
782 427
640 384
824 221
706 358
290 521
216 702
717 115
406 911
8 298
725 675
930 198
930 473
513 551
91 991
919 583
11 614
484 678
303 226
217 101
166 158
423 517
669 813
598 125
322 440
808 495
903 992
729 756
843 215
455 261
477 845
903 881
559 243
83 682
504 981
212 14
896 961
507 730
516 198
792 934
316 60
852 222
447 794
1 410
785 664
201 996
187 329
60 57
978 724
726 610
162 521
239 533
476 169
974 600
673 67
54 650
550 527
719 140
701 657
723 73
562 249
395 226
987 588
62 785
953 716
92 104
20 765
718 460
439 245
480 394
387 582
707 605
760 276
361 409
914 845
367 407
836 142
598 997
223 692
901 51
923 854
730 568
819 873
489 398
129 382
43 355
826 588
194 973
101 591
420 125
128 483
347 233
891 139
25 925
561 883
30 398
413 30
832 104
648 585
955 583
975 904
839 363
673 138
102 556
825 55
713 979
612 489
187 71
246 699
709 282
221 887
811 405
812 618
63 288
928 912
724 806
325 713
821 212
34 550
94 398
777 406
982 457
52 902
147 874
208 652
248 681
320 374
545 771
506 97
344 124
164 431
313 711
316 226
421 847
222 12
153 523
960 437
307 11
155 213
212 34
909 452
696 495
435 325
511 214
519 773
761 207
652 426
79 322
117 28
735 724
519 555
903 392
121 440
62 774
839 570
456 417
185 741
719 96
810 844
704 199
429 402
908 735
400 664
172 436
817 41
13 278
214 731
186 104
872 519
30 185
684 430
208 383
353 634
413 192
275 291
844 481
120 458
232 132
820 525
217 624
489 763
573 959
522 179
336 98
376 874
693 170
552 870
170 233
954 100
655 866
716 332
371 537
768 261
216 470
215 664
18 180
596 726
203 240
957 879
830 431
632 690
651 584
854 49
883 157
470 334
747 511
260 24
467 564
148 302
181 570
994 319
189 31
502 78
916 869
604 228
283 461
227 293
912 389
108 96
992 660
666 700
960 401
463 198
430 501
252 839
382 786
904 760
410 97
532 992
261 922
79 903
466 456
233 467
897 642
917 719
166 765
867 576
197 217
419 211
239 434
439 140
161 869
614 282
597 536
46 278
736 244
202 560
566 966
408 143
738 820
390 483
608 350
225 751
992 477
167 663
404 187
577 885
962 765
871 879
562 272
694 470
56 624
609 324
556 197
619 833
297 359
695 306
720 454
2 541
725 827
465 221
764 791
582 640
289 111
59 581
449 353
376 703
251 829
234 677
575 174
155 906
838 788
681 677
899 656
703 74
246 739
565 117
35 982
750 51
454 924
346 829
481 530
782 238
70 588
15 197
950 928
790 821
847 780
151 773
133 266
192 730
908 640
798 628
446 782
415 912
736 903
237 326
251 984
810 174
407 236
799 830
719 300
723 624
575 755
724 287
328 529
875 349
213 798
201 894
663 140
244 900
889 457
914 418
623 852
59 505
443 902
135 580
691 236
213 624
643 69
394 397
746 740
936 148
296 755
244 201
245 304
568 959
885 320
742 459
407 630
66 385
604 488
395 423
833 444
756 66
738 725
138 399
51 994
324 470
897 170
849 177
615 398
998 274
217 575
162 136
698 54
368 957
719 668
760 867
816 917
195 464
582 748
216 415
915 811
517 931
593 197
416 370
548 699
683 468
530 465
210 352
924 986
63 446
122 614
930 359
473 496
151 587
911 125
74 596
972 125
949 347
18 15
388 429
728 520
943 317
159 911
269 158
182 897
200 965
919 292
23 339
902 690
70 596
648 456
170 628
602 659
877 491
53 729
754 630
573 18
95 434
244 920
502 336
766 573
586 399
839 819
808 157
438 968
151 493
689 910
410 89
503 830
287 253
44 486
745 631
488 744
849 721
116 496
875 901
181 555
182 239
771 862
867 745
542 543
254 173
738 518
997 779
634 599
776 69
46 697
139 105
876 760
642 832
827 452
349 536
632 108
870 410
980 686
489 397
896 351
663 939
498 453
405 919
798 214
693 292
800 534
121 971
655 920
12 686
750 286
808 993
533 508
190 241
334 893
195 349
358 955
750 393
128 258
26 981
320 570
47 569
708 901
209 776
38 148
220 815
367 552
115 46
912 877
968 697
825 272
554 446
378 194
507 810
956 749
922 557
224 828
78 855
778 521
843 201
382 533
716 237
368 67
386 894
830 893
338 566
32 810
605 547
566 811
734 473
516 20
517 381
776 185
264 493
357 112
981 352
965 683
749 260
40 116
294 569
318 703
657 507
658 852
756 301
19 754
386 51
849 133
672 728
932 26
45 927
853 632
73 46
71 719
792 835
652 24
563 655
804 163
951 12
719 16
875 766
162 383
56 742
741 729
120 237
85 869
301 872
124 717
950 127
258 573
133 703
707 854
86 625
840 117
510 561
718 122
332 785
668 859
252 216
513 930
287 587
716 623
305 811
998 291
190 258
851 708
907 374
466 730
252 79
816 812
708 874
397 557
627 346
80 247
105 580
281 709
473 40
381 655
887 133
618 906
565 129
821 823
682 111
424 371
385 915
339 512
963 602
360 549
507 822
551 323
334 773
523 738
625 600
912 631
929 591
477 771
262 778
532 643
694 852
601 518
22 849
900 665
409 396
869 846
16 346
308 978
520 858
120 734
136 579
871 341
476 171
140 187
14 612
309 796
899 446
466 436
757 158
614 569
410 145
432 377
89 598
277 367
315 20
882 41
686 5
45 899
433 97
254 11
883 473
700 161
956 283
955 735
906 544
814 937
687 421
837 8
31 65
641 309
700 875
477 733
813 15
102 990
659 857
271 615
730 783
24 416
8 869
794 332
813 160
854 948
376 883
766 128
188 809
795 691
851 91
280 121
628 293
542 881
677 982
897 254
241 484
955 416
977 40
509 200
484 72
638 809
877 527
90 195
751 10
78 680
518 153
812 382
926 242
90 114
364 629
788 247
975 835
356 145
798 968
181 838
679 127
815 527
563 509
626 66
898 917
367 608
317 395
56 395
557 769
657 903
354 99
688 847
123 290
655 261
970 297
488 930
833 274
577 89
814 414
361 982
753 824
484 460
130 291
630 198
443 808
190 551
908 886
856 63
840 644
913 968
791 43
278 90
969 591
736 452
148 690
168 144
227 911
839 504
965 901
775 471
914 581
898 94
738 257
81 514
281 64
651 353
784 89
288 904
510 141
348 56
206 138
63 519
214 657
305 203
470 527
605 145
996 579
11 57
660 410
309 308
805 671
93 669
885 609
319 335
784 406
806 855
128 106
264 634
707 814
821 314
993 625
480 556
246 947
998 482
746 347
431 615
983 26
829 880
584 784
707 76
655 820
215 893
218 3
313 237
60 372
688 303
742 630
545 426
394 598
316 18
460 574
93 422
293 676
699 673
830 405
725 673
394 569
518 310
199 79
492 219
347 760
320 364
563 472
123 337
381 921
365 500
417 255
478 45
406 350
334 774
778 997
28 196
213 832
549 806
952 976
844 358
772 219
204 517
64 144
464 858
946 210
217 438
934 883
701 92
106 902
508 790
415 314
667 197
560 308
875 102
163 290
900 355
455 954
967 387
867 522
10 595
862 146
504 36
893 534
639 22
676 236
820 555
348 109
261 866
633 201
842 311
348 28
998 66
999 287
784 716
310 64
385 191
791 499
206 17
323 983
196 111
237 645
328 959
71 921
484 290
875 563
306 874
146 983
730 895
437 244
134 60
580 4
301 549
86 709
327 549
916 6
